.Random.seed <-
c(403L, 2L, -174405475L, -169209577L, -356579202L, -41639880L, 
-1120872677L, 1396987001L, 414022856L, -1596125962L, -366285519L, 
-705770141L, -1310748878L, -943953788L, 1503171783L, 723916701L, 
782205716L, 857895354L, -765655035L, -1494360609L, -2133192602L, 
1725505520L, 1887713555L, 1891583665L, -1440517792L, 1169385214L, 
1122075273L, -1740530245L, -1923938422L, -1620111764L, -369750033L, 
91850789L, 904276188L, 1773276850L, -1224040019L, 1418888551L, 
-1837264242L, 68156264L, -1743207573L, 2111970569L, -1910115432L, 
1691337414L, -1461893087L, 1184095411L, -1619796446L, -83574764L, 
-1490525033L, -1661841779L, -1212612700L, 254493066L, -1487921675L, 
1309421647L, -2031155370L, -919060992L, -1866600637L, 1983473377L, 
1401234512L, 1466281134L, -1882843047L, -226682773L, -2000912934L, 
-1728944484L, -1948698465L, -2140097803L, 1458958220L, 545734242L, 
-995810755L, -1729270601L, 513864542L, 1224693400L, 606836219L, 
-940603495L, 620884008L, 1268496598L, 1382858065L, 600099843L, 
-1806724206L, 1292566820L, -275531801L, -449360835L, 346978996L, 
1709250842L, 1777039973L, 1218326271L, -1937345658L, -98855664L, 
-133837389L, -865112495L, -964866560L, 2023033566L, -74643159L, 
-2056284965L, -707546134L, 469296012L, 1405576399L, 1084984453L, 
1504216892L, 503985682L, -105605875L, -682770873L, 825443374L, 
525183368L, 829247627L, -2144163223L, 1049261624L, -1067872538L, 
2093771393L, 581629459L, -173497918L, 562678388L, -1505710985L, 
-1808198291L, 1363372548L, -724383446L, 337288853L, 1795929391L, 
57462838L, 567477344L, 1567648419L, 1119681985L, 994597296L, 
1958119630L, -150817223L, 2022598731L, -1856177670L, 1544795388L, 
-492185281L, 1933112853L, -6552276L, -2095503870L, -871195427L, 
787064791L, -1667059010L, -1260387080L, 1970084571L, 2077188409L, 
-590322552L, -1226603466L, -1412423567L, 329888419L, 1584269298L, 
1405250372L, 265282567L, 1307656669L, -54780204L, 335233530L, 
-1159697083L, 1537481119L, -1010545882L, -673729616L, -1126105005L, 
-7521423L, 654060192L, 205487678L, 444609865L, -235721733L, 1795903434L, 
1723261228L, 1241840943L, -1036950555L, -1489610084L, 1084808946L, 
-497684627L, -1066202969L, -2095412530L, -316925912L, 1072366635L, 
-915921335L, -769077416L, 455469574L, -2088987679L, 8663411L, 
-1058225694L, 1408791892L, -1132475305L, -1460916147L, 1290122212L, 
746058186L, 41924661L, 1494341263L, -1371093098L, -46568640L, 
1545831939L, -1894335455L, -536908016L, 520176878L, -976466791L, 
1589414187L, -238346214L, -3499300L, 1398541023L, 758715573L, 
-1891007924L, 1556573858L, -407046659L, -822518025L, 1120835614L, 
1585486552L, 1649872443L, 1226218457L, 234490216L, -1000185706L, 
2115681809L, -1681131581L, -943903790L, -139528604L, 2069931431L, 
1173814013L, 1258921716L, 2972122L, 591576357L, -1109201857L, 
-344409146L, 1385150544L, 1660974195L, 524343441L, 568191168L, 
-849509730L, 1565777513L, 1507839643L, 2076894122L, 543344588L, 
-430794097L, -1900973371L, -397829508L, 1958246098L, -1110982067L, 
311447303L, -1676995858L, 2031366548L, -302672814L, 66093536L, 
-38400820L, 208176288L, 351462786L, -1477146392L, -1270237460L, 
1904477500L, -1083925390L, 254212208L, -1931399132L, -1351599048L, 
1693151002L, -1195873072L, 486375228L, 1018484628L, -946453630L, 
1823943104L, 354082364L, -806812272L, 1131535906L, 1642685704L, 
155311756L, -1312534756L, -1957363566L, 620648832L, -809921004L, 
1257279272L, 1621084730L, -1607262768L, 984705388L, 1675387828L, 
1294923794L, 1622230496L, 1764980684L, 408191200L, 302299170L, 
1617768744L, 303369740L, 666093372L, 645116914L, 786107120L, 
-359231932L, 810685016L, -252330182L, 1978242544L, 1588844220L, 
273447188L, 129995458L, 423683168L, -300764292L, 436979664L, 
1670459682L, -158614872L, 1477958540L, 857114812L, -711827662L, 
2032167488L, -1438671692L, 203215432L, -1300449862L, -1196260848L, 
1458774764L, 22118740L, -830480110L, -711357024L, 797184716L, 
-1717379488L, -688736318L, -601483480L, 1319407532L, -342977732L, 
124152178L, 1934695216L, 472653092L, 572943160L, -1021620518L, 
-1645361264L, 204107516L, -200770668L, 292851778L, 2129237248L, 
-311974852L, 789832016L, -188628830L, 784503112L, 1756595980L, 
1398833884L, -690774702L, 1866699904L, 1130614868L, -1022513176L, 
766175482L, -2145985712L, 1463689004L, 1319569780L, -287306862L, 
-804218784L, 1150778764L, -681174176L, -451610142L, -486853720L, 
-1993050932L, -1188319236L, 1760953778L, 1422874096L, 2098072516L, 
1081349464L, -1380140678L, -845864016L, -344884804L, -72341420L, 
1797736386L, -2061111264L, 1299687612L, -839302576L, 185689058L, 
-1921875864L, 1997304908L, 370854140L, 1988660210L, 815368448L, 
867823988L, 768146440L, 371896250L, 1366950352L, -562648084L, 
527274388L, 451957202L, 99041632L, -1717092532L, -1214031584L, 
805400450L, 2091163368L, -705654548L, 1374180412L, 2134043506L, 
-224313744L, 803361828L, -559035592L, 177319066L, 1682256592L, 
1672872124L, 949685908L, 723658370L, 824113344L, -750275780L, 
1376402576L, -453239262L, -500727800L, 954514700L, -2086773604L, 
-1515651566L, -1085022336L, 2110901780L, -1926043096L, -860125894L, 
669899216L, 1543148652L, 1645254964L, -1131395438L, 18967392L, 
-642751668L, -1926932512L, -2088220766L, 934422440L, 486501772L, 
1881057468L, 728623474L, 1004500208L, 2107957316L, 1303531864L, 
-1075448262L, -1380713616L, 1115936828L, -1293279468L, 2081650114L, 
1610275552L, -837597316L, -1939124528L, -1445726046L, 1375886376L, 
1530242316L, 1937221564L, 888826162L, 1022896576L, -889755084L, 
-1293349944L, 1854806202L, 117528976L, 500117996L, 560792148L, 
-1611865966L, -591413472L, 1584794060L, -1499433504L, 1195366082L, 
-370498520L, -2028850516L, -531970884L, -182478350L, 693117232L, 
-1878641500L, -1263556936L, 272289114L, -1727912560L, 1156133756L, 
-820782828L, -531827902L, 167090944L, 282105788L, -1852006576L, 
355803938L, -517931704L, -449848820L, -1896269732L, 9161938L, 
-1402021376L, 1828212052L, 70818280L, -1974223878L, 106131664L, 
369474860L, 630797044L, 1630341522L, 1421849696L, 1845867344L, 
730893945L, 612651435L, 869738268L, 1005121610L, -1588734913L, 
-971795319L, 1403166878L, 1676987724L, 545398045L, 1506982055L, 
475027408L, -1080410258L, -855255525L, -668147843L, -1844091542L, 
1320147976L, 340116657L, 670589731L, -331542492L, -509009198L, 
-387537113L, 283531633L, -1678245962L, -684936364L, 1811160549L, 
480528367L, 76818216L, 1617829766L, -2036872269L, -841549035L, 
-147909262L, 1379215808L, -1893021143L, 775925403L, -438757524L, 
1138913146L, -1605453649L, 398513081L, -968002098L, 680747292L, 
-1798331251L, 2098653431L, 1103193088L, 952297054L, 1166063915L, 
1277938221L, -119891302L, 1745208920L, -811193919L, 1297995379L, 
1071977364L, 574720546L, -570542793L, -242273279L, -376260346L, 
1283706180L, 1234464885L, 323576287L, 610487608L, 1422556950L, 
325099299L, -165077787L, -1218565886L, 1127770992L, 783221529L, 
-1260776693L, -967630852L, -467854294L, 1045188703L, -191703063L, 
-1864034050L, -1616197396L, -335950787L, 1492385799L, -1242874896L, 
1422088078L, 206513595L, -1498487907L, -729327286L, -1260441240L, 
-1370622127L, 188884035L, 1471106372L, 1345269234L, 729769927L, 
1484614033L, -1584562922L, 460055924L, 584492037L, 1645741135L, 
-1290332088L, -1063285274L, -1653628141L, -352537483L, -88977838L, 
1641572512L, 1428529545L, -1286704709L, -752636404L, -702482534L, 
819085071L, -1854110375L, 1322549230L, -1261681028L, -1561342227L, 
1997191575L, -85970336L, 2103887934L, 1309372683L, -1330240627L, 
238977210L, -1776318728L, -2112459615L, -471648173L, -1179630732L, 
-600121086L, -1637932649L, -322962591L, -707313754L, 1907206564L, 
-1868410795L, 165946623L, -1278735976L, 993268406L, -531969213L, 
212096645L, 195975970L, 1232609296L, -115459143L, 994806891L, 
58412892L, -396675446L, -833695105L, 538336201L, 414427230L, 
1329535756L, -693796131L, -1780651033L, -1301622768L, -1930945234L, 
-1871146533L, 2032715453L, -530713558L, 774235336L, -519126543L, 
891588451L, 1489442660L, 109112978L, 1814227815L, -1918986959L, 
